79719
25980
60496
5825
6059
10061
55347
84945
25864
7920
63874
79575
28976
64746
91452
47
55856
10005
23597
51
8310
52
2181
55902
10121
90956
55256
132
56985
54812
3267
56894
8540
191
10598
204
10142
8574
224
223
29880
79053
79796
10189
262
25847
25906
119504
29882
51433
51434
51479
56172
55608
157567
162
8907
160
1173
1175
26985
10717
327
51107
139322
381
26286
10564
27236
23647
10139
55701
10425
400
120534
26225
127829
79637
25852
51566
64860
10552
64801
140459
140460
140461
54529
79058
84896
466
55729
23130
55102
23192
64225
27032
537
533
9114
528
529
9296
91647
51374
25814
6311
11273
549
54998
51582
8703
9334
11285
22893
10286
593
10295
617
642
2647
9790
51027
388962
65980
2972
55108
55643
686
689
9184
9689
80007
53838
10944
113246
284018
339448
25912
79074
205327
56951
134553
221545
57827
81688
79020
65265
84933
414919
813
124583
823
826
4076
830
79587
22794
84869
54862
151903
115098
133957
91050
51244
28952
55246
79714
79080
23582
902
9236
7203
10575
8872
8697
55664
51362
10423
51755
8621
5127
51654
1024
8760
55573
9425
10153
1059
80152
9731
64781
8545
84269
79145
10523
11261
56994
54108
55501
56548
9391
23152
9541
55847
493856
10970
1182
1186
9685
1207
10978
8192
10845
1212
1213
55907
51727
7555
29097
54805
26505
55571
163882
55744
80347
22796
83548
91949
51397
28991
170622
9276
11316
22820
64708
22818
80219
27235
51117
51004
84987
1355
116228
1329
1340
1347
9167
1362
221184
1371
10898
11052
51185
8804
78987
9419
54675
51340
55454
1453
1456
1476
1477
23283
1487
10664
10106
5476
1523
57703
54883
30827
51523
1537
55152
55157
1629
79269
80344
50717
79877
1635
10540
51164
10671
23142
79016
11269
9416
55661
9879
83479
54849
8560
57706
10260
51071
9993
79758
22907
55760
9785
1659
27292
22894
129563
1736
1738
22839
1743
55172
51726
55735
55192
131118
30836
83475
22845
1798
1801
1802
29952
84661
1810
10589
56986
8446
11072
80824
1854
1857
54808
51143
140735
83658
1874
85403
55837
124454
10969
11319
55862
1892
1632
10455
80153
23644
8726
1938
60678
9813
23167
79813
163126
84285
10289
8894
8661
8662
3646
8666
8667
8668
10480
1982
8672
1983
9669
60528
1994
1998
22936
84173
64834
26610
23065
9694
56851
51016
2010
2029
9583
955
26284
51290
51614
157697
51575
2107
2108
55770
11336
23265
149371
23404
11340
2132
79607
23196
158293
84498
345757
221786
63877
9917
26240
25940
2193
10056
60493
64839
26235
26233
23219
26273
23291
26190
6468
54461
51077
2222
2224
2230
9637
81608
84922
80308
22862
2339
116113
55572
2356
8790
118924
24140
117246
8880
84248
2553
90480
2588
2590
2592
23193
2618
57459
57704
79571
2639
51573
2665
54960
85476
81577
116254
26035
2733
2738
10539
51218
55830
84656
51292
2783
10020
26354
10007
64841
84572
2799
2800
2801
2802
9950
51125
2804
51026
57120
64689
9527
9570
8733
7918
54865
65056
60313
10243
27238
57720
2873
9380
56850
2935
23708
373156
9446
2959
2975
2976
9330
85865
29083
2987
3033
3030
3029
23438
8520
79441
54930
26959
10767
3052
3054
55869
374659
81932
3069
50865
79654
9931
51409
3073
11112
3096
3145
10362
9324
10042
3181
3183
3187
3257
9653
3028
51144
3295
51182
23640
200205
25998
3419
3421
3422
3475
11020
64376
3608
10994
10989
92856
64423
3632
57117
92105
27130
9807
26145
64207
79763
9798
57461
81533
9445
3704
80271
55677
65094
126119
54934
55683
55709
84078
222658
8242
2531
23351
9778
57179
57691
90231
89953
51274
116138
79786
57563
51315
83746
114294
8270
55004
8649
51056
9741
113251
51574
23395
221496
79165
29094
64077
55957
55327
51601
55788
91289
222484
4043
10128
123355
10489
115353
57470
255252
9209
55341
27257
25804
23658
51690
4047
51747
57149
57128
145748
8216
4074
84061
84549
4122
93487
5597
27430
10150
27349
56922
84693
90411
4200
400569
9969
10025
9477
9862
55588
10001
9443
56257
79006
51603
57721
64745
92342
151194
339175
29081
4236
4238
56947
55669
79157
126321
113655
4247
11282
4259
85377
90007
57708
57409
79003
129531
4289
8569
9761
8079
4298
8028
6945
166785
27249
7841
84315
23041
56180
25874
9526
10199
4351
136647
84769
114932
84245
79922
65008
124995
65003
6182
28998
64928
54948
63875
51069
6150
79590
51264
10573
51263
9553
51318
64979
51253
64978
51073
28977
84545
65080
84311
26589
57129
51642
740
122704
55173
63931
64960
51021
51373
55168
28973
51116
56945
51649
64949
51650
65993
60488
51081
64965
57380
51154
91283
10943
123263
9650
56181
4534
8776
25821
55149
4552
10651
4597
10608
4601
7593
8260
51126
80218
79903
10135
54187
4676
8775
26502
55226
22916
51517
56926
4696
4709
4713
4715
4717
4718
4720
4724
4726
374291
4728
4723
25977
91754
25920
7936
4758
27247
4802
60491
51388
81614
56954
51068
54981
4836
28987
65083
51406
55035
8602
51491
4839
10528
51602
4835
126382
64324
55968
84081
54888
55695
221078
30833
221294
123803
84284
4682
4924
10726
134492
256281
11051
84304
11165
53343
57532
55746
9972
53371
10204
10482
4942
4946
4947
79629
54940
55239
11054
29789
80207
94101
5007
9885
114883
734
28962
5018
11252
10606
51247
55003
79646
55229
10914
5073
219988
94104
51260
5089
5093
84759
63935
5110
11333
10611
51248
118987
5037
5189
8800
9409
55670
5190
10471
54858
1912
51105
84844
57661
55361
5297
5298
8301
5281
54872
5283
10026
51227
94005
128869
54965
54984
5306
23760
55111
9842
8985
5356
11243
23203
10654
25957
25953
56902
10908
55163
55629
56655
9533
64425
5430
5431
5432
5433
5434
5435
5436
5441
84265
10585
10248
5464
27068
56342
79717
8500
51535
10450
85313
5494
5510
5511
55844
5525
5526
5529
9989
9701
55291
23398
84279
5546
11108
10113
5550
5564
10419
54496
9129
9128
24148
5631
78994
133619
7916
5684
5685
5686
5690
5694
5702
5707
5718
5719
5709
5710
5711
9861
5714
5715
9491
9791
80142
53635
8073
138428
83480
54517
126789
11264
90780
55278
5768
81890
22864
9230
22931
81876
23011
57403
5862
22930
25782
5868
5878
7879
9367
10244
5876
5898
10928
5901
5902
5903
8498
26953
29098
2889
79863
10137
92400
9904
55147
55131
155435
23029
9584
55285
79171
10180
10179
5955
7905
11079
91869
8625
6015
83732
55781
51115
55005
64777
9921
26994
11342
50862
81847
55182
64320
6047
9810
6100
84268
79657
84154
6135
6124
6132
6185
138716
58490
6228
285367
8568
23212
55316
222194
89970
51319
65117
80230
10055
90378
142891
25813
9733
112483
9169
57466
22828
10066
51282
950
152579
6341
9997
60592
6342
79634
55681
55153
6388
51150
6390
56948
6396
10484
11196
9632
29927
23480
7095
79048
59343
205564
26135
26297
57515
9792
84193
9869
7536
10291
10946
23451
10262
6433
80851
80143
64374
23410
6500
6574
8402
115286
81894
81034
51629
9673
91137
64924
7355
347734
51006
79939
80255
27173
54946
283537
9887
55181
113444
57150
55234
116841
6619
10302
23557
27044
11267
23020
79622
11017
11066
9410
154007
6625
6626
6628
6632
6634
10073
23161
6643
83891
51429
60559
23384
23013
83985
84926
57213
171546
144108
79644
285672
6728
6730
6731
6726
63826
10250
6426
10772
9295
6427
6429
10929
6742
6745
6747
7982
8027
56910
8576
2040
9399
11171
85369
3703
55014
6811
8802
57794
6827
6829
6836
23512
8189
6856
26099
51204
6882
8148
79101
6888
132001
202018
23216
57533
64786
128637
25771
55773
23061
6902
6903
6904
6905
84897
285343
10915
22980
6950
81550
55852
51106
7024
10342
10618
63892
51078
80764
8563
80145
7064
79178
29087
84948
26519
26515
26517
10245
29090
29928
10469
26521
26520
51300
26277
93643
80213
9375
56889
55002
10972
50999
51014
54732
84336
54664
79022
11070
55654
80194
85014
10430
64418
80775
374395
25880
8269
55266
84065
29058
254863
55754
55254
131616
23585
757
9528
85025
55362
51249
54968
25963
252839
56674
51075
56255
3842
23534
10140
9804
56993
54543
163590
64222
9878
112858
7165
91978
7167
131601
127262
51002
286262
8459
29896
58485
60684
51112
80006
51693
22878
83696
55621
51504
55039
81627
27037
51095
26133
83707
26995
116461
79042
10102
7251
7247
7257
6302
115939
10078
7265
55761
54902
130502
23548
283237
84790
51174
27229
64852
51061
10190
9352
54957
7296
199746
10054
9039
7311
124402
51271
9898
51619
7324
7328
89910
56061
29914
5412
55148
7343
83549
7371
54963
55293
7360
25972
26019
65109
7381
7384
7385
27089
55665
81605
7390
55850
7392
10713
8078
84294
80146
55697
10791
9218
57176
7411
55591
64601
84313
51160
137492
738
6293
55275
51534
143187
51729
11193
64743
57418
91833
79446
10885
134430
54521
9277
54554
11180
55100
84128
124997
112840
9589
11059
11060
7514
23039
11260
64132
10138
10897
90522
54432
25844
84272
81555
286451
10652
388403
79693
91746
7529
55249
9889
65986
9925
84872
9877
124245
29066
23264
54819
84186
84240
85437
79683
29801
79752
130617
80829
7542
51663
84936
153527
55954
7750
7701
7702
7705
7727
7743
7748
7756
7570
7769
7775
7572
10782
54816
23528
7580
284695
84671
7587
171017
84307
79797
84330
79744
220929
55663
147657
126069
130557
9849
116115
93134
79177
163033
51042
90850
27332
121274
84146
65251
55279
79027
144348
79894
146542
51058
7553
7629
54989
27153
126208
9326
9406
7589
54925
23053
9183
