60496
22
5825
6059
10061
55347
84945
25864
7920
63874
79575
29777
28976
64746
91452
84320
55856
10005
23597
51
8310
52
197322
2181
55902
55860
10121
10120
90956
55256
132
141
56985
54812
3267
56894
8540
191
10598
9049
204
10142
56672
8574
224
223
29880
79053
79796
10189
262
10393
51529
25847
25906
119504
29882
51433
51434
51479
56172
55608
23243
51239
157567
310
162
8907
160
161
1175
26985
10717
55745
327
51107
139322
372
381
84364
26286
10564
27236
23647
10139
9826
55701
10425
400
120534
26225
51329
127829
55156
93436
79637
25852
51566
64860
10552
10109
64801
140459
140460
140461
54529
79058
84896
466
11016
55729
23130
55102
23192
64225
27032
537
533
527
9114
8992
528
51382
529
9296
51606
91647
51374
25814
342371
6311
11273
552889
549
54998
51582
126792
8703
9334
11285
22893
10286
593
10295
617
642
2647
8548
9790
91272
51027
388962
10380
65980
2972
55845
55108
686
689
9184
9689
80007
53838
10944
113246
55017
284018
83608
28974
127687
25912
79078
148423
79074
205327
339804
130355
56951
134553
221545
57827
81688
79020
65265
84933
51759
813
23261
124583
823
826
4076
830
832
79587
22794
84869
54862
200014
151903
115098
133957
339230
51244
28952
55246
152137
79714
29080
79080
23582
902
219771
9236
7203
10575
908
10574
10694
3732
8872
8881
8697
996
55664
51362
10423
51755
8621
5127
51654
1024
8760
55573
9425
10153
1059
80152
9731
9702
64781
8545
283489
118487
54927
84269
79145
10523
11261
56994
54108
55501
56548
26097
91612
9391
23152
9541
55847
493856
10970
23155
1182
1186
9685
1198
1207
10978
8192
10845
1211
1212
1213
55907
152100
56942
100272147
51727
7555
29097
54805
26505
55571
163882
55744
28958
51287
388753
80347
9382
22796
83548
25839
91949
51397
23412
28991
170622
29099
1314
1315
9276
11316
22820
8533
51138
10980
64708
10920
22818
80219
27235
84274
51004
1353
84987
1355
90639
116228
1327
1329
1340
1345
1347
1350
1351
1362
221184
53981
10898
11052
79869
51185
8804
78987
9419
54675
51340
200186
55454
1453
1456
1476
1477
23283
1487
10664
10106
5476
348180
51596
1523
51503
57703
54883
30827
124936
1727
1537
113612
728294
55152
55157
1629
80344
8816
10238
79877
1635
10540
11258
51164
10671
23142
79016
1662
8886
11269
9416
57062
55661
9879
54555
83479
54849
8560
57706
10260
8562
51071
27351
28955
54505
22907
55760
9785
1659
27292
22894
129563
1736
1738
22839
1743
55172
51726
55735
85406
55192
131118
134218
22826
23234
728489
116092
30836
22845
1798
1801
1802
285381
51611
8813
84661
1810
10589
1819
56986
8446
11072
80824
1854
1857
54808
51143
140735
83658
6993
1874
1877
85403
55837
124454
10969
11319
1891
55862
1892
1632
10455
80153
23644
8721
8726
1938
60678
9813
23167
9343
79813
163126
10209
84285
10289
1939
8894
8661
8662
8664
3646
8666
8667
8668
8669
27335
51386
10480
9775
8672
1983
9669
60528
1994
1998
2005
22936
84173
64834
55250
26610
23065
9694
83460
56851
10328
51016
2010
58478
2029
9583
9852
26284
51290
51614
2079
79033
157697
2098
51575
2107
2108
2109
2130
55770
11336
60412
23265
149371
51013
23404
23016
11340
2132
81889
10827
79607
23196
158293
84498
84908
317662
130074
345757
283635
139231
63877
9917
9130
26240
25940
10667
2193
10056
60493
57666
79176
64839
26235
26234
26233
23219
26273
54455
23291
26190
6468
54461
51077
2222
2224
2230
56929
9637
81608
84922
2287
80308
22862
2339
116113
55572
2356
8790
118924
24140
117246
8880
84248
2553
90480
2585
2588
2589
2590
2592
23193
26130
2618
54815
57459
283459
57704
79571
2639
51573
2665
79760
54960
85476
81577
84514
54994
116254
26035
2733
2734
2738
10539
51218
55830
84656
51292
2783
10020
29889
26354
10007
64841
84572
2799
2800
2801
2802
9950
51125
2804
51026
57120
64689
9527
9570
8733
7918
54865
65056
60313
10243
27238
11321
54707
51184
57720
2873
9380
56850
80273
2926
83743
2935
23708
373156
2948
9446
2957
2959
2963
2971
2975
2976
9330
9328
85865
29083
2987
64412
3033
3030
3029
23438
8520
79441
54930
55559
26959
10767
3052
3054
55869
374659
3068
81932
3069
25938
50865
79654
9931
51409
26091
11112
3096
3145
10363
10362
9324
10042
3181
3183
3185
3187
3191
4670
10236
221092
3257
9653
3028
51144
3295
51182
23640
285148
55699
200205
25998
23463
3419
3420
3421
3422
3475
11020
3608
80895
10994
10989
55272
92856
64423
3632
55174
57117
92105
27130
9807
10526
55705
26145
64207
23479
79763
9798
57461
81533
9445
3704
80271
162073
55677
65094
126119
54934
55683
55709
84078
222658
283219
200845
8242
2531
23351
9778
57179
57691
90231
89953
51274
23588
116138
79786
51088
57563
3837
51315
11103
3895
79036
83746
114294
8270
55004
8649
51056
9741
113251
51574
23395
221496
79165
29094
64077
55957
132660
55327
51601
55788
91289
222484
83752
79414
4043
10128
123355
55631
10489
115353
57470
255252
55379
9209
55341
27257
84967
149986
57819
27258
25804
23658
11157
51690
4047
84946
51747
57149
57128
388695
116068
145748
8216
4074
9587
4116
84061
84549
115416
4122
23324
4123
93487
5597
4140
27430
255374
10150
27349
56922
84693
90411
79892
4200
84246
400569
9969
10025
219541
9477
9862
55588
51003
29079
10001
9443
112950
56257
10988
79006
51603
57721
79066
64745
92342
151194
124512
339175
4236
4238
56947
55669
126321
113655
84975
4247
11282
4259
85377
58526
90007
57708
57409
79003
129531
4289
8569
9761
8079
4298
8028
6945
166785
27249
7841
84315
23041
56180
25874
9526
10199
4351
136647
65258
84769
93621
114932
84245
79922
124995
65003
6182
28998
64928
54948
63875
29074
9801
51069
55052
219927
29093
6150
79590
51264
10573
11222
51263
64983
9553
51318
64979
64978
51073
64976
28977
84545
65080
84311
26589
57129
51642
740
54534
51258
122704
116540
116541
128308
65005
55173
64963
6183
63931
64960
51021
51373
55168
28973
51023
51116
54460
56945
51649
64432
64949
23107
10240
51650
65993
60488
64969
64968
51081
64965
92399
57380
51154
91283
10943
123263
9650
219402
4534
8776
9107
25821
55149
10651
4597
10608
339344
7593
653784
80097
8260
51126
80218
79903
342538
112939
10135
54187
4676
8775
26502
79731
55226
22916
51517
4705
126328
4696
4697
4698
4701
4704
25915
4716
54539
4708
4709
4710
4711
4712
4713
4714
4717
4718
4720
4722
4724
374291
4728
4723
25977
4738
91754
25920
51497
7936
29937
4758
84901
27247
4802
25983
55768
51335
55651
60491
51388
81614
4817
56954
51068
54981
4836
28987
79954
25926
79159
65083
51406
55035
64434
55505
8602
4839
10528
51602
161424
126382
64324
55968
84081
54888
55695
221078
30833
221294
123803
28989
84284
10101
4924
10726
134492
256281
11051
11165
53343
57532
57122
55746
9972
53371
10204
10482
29107
4942
4946
79629
54940
55239
79701
11054
29789
80207
5000
94101
29095
5007
9885
114883
55644
734
28962
5018
92106
11252
10606
51247
55003
79646
55229
10914
5073
219988
94104
51260
5089
5093
56101
51585
84759
84333
63935
5110
9159
51449
11333
5147
8050
10611
118987
5037
23481
5189
8800
8799
9409
5824
55670
5190
5202
5203
5204
10471
25796
283871
54858
51808
1912
57649
51105
79142
84844
5257
57661
55361
5297
5298
8301
5279
5281
54872
5283
10026
51227
94005
128869
284098
54965
55011
54984
5306
23760
10531
81579
196463
55111
9842
8985
5356
11243
23203
9512
10654
25957
25953
5411
56902
10908
55163
84271
56655
9533
51082
64425
5430
5431
5432
5433
5435
5436
5437
5439
5440
5441
84265
51371
10585
10775
51367
10248
5464
27068
56342
79717
8500
51535
10450
9360
10465
85313
5494
5510
5511
5520
55844
5525
5526
5528
5529
9989
9701
55291
23398
84279
5546
11108
10113
5550
5564
10419
54496
8559
9129
26121
9128
24148
5631
5635
78994
133619
7916
55851
5681
5684
5685
5686
5689
5690
5691
5694
5695
5701
5702
5707
5717
5718
5719
5708
5709
5710
5711
9861
5713
5714
5715
9491
84262
55037
9791
80142
53635
8073
138428
391356
83480
54517
126789
11137
114825
11264
90780
55278
5768
81890
203069
22864
22931
81876
23011
57403
5862
22930
57799
5868
5878
7879
9367
10244
5875
5876
5898
10928
22913
5902
5903
8498
26953
29098
2889
57038
57786
79863
10137
389677
29890
84991
92400
9904
55147
55131
155435
23029
9584
55285
79171
10180
10179
9939
494115
221035
7905
29803
85021
11079
57455
5986
91869
8625
9827
6015
83732
55781
51115
55005
64795
64777
246243
9921
26994
11342
50862
81847
51255
149603
55182
64320
6047
9810
6051
6100
84268
79657
80135
84154
6135
9045
6160
6165
6124
6132
6184
6185
138716
10556
10557
91582
285367
88745
23212
55316
222194
89970
51319
65117
80230
10055
90378
55095
142891
25813
84324
9733
112483
58506
9169
57466
22828
10066
10067
51282
950
152579
6341
60592
6342
79634
55681
55153
6388
51150
6390
6391
56948
9117
10484
11196
10802
9632
22872
29927
23480
7095
11231
79048
59343
205564
26054
22929
26135
10169
26297
57515
9792
84193
55209
9869
7536
10291
10946
23451
10992
10262
6433
27352
80851
80143
64374
23410
6500
6574
8402
115286
81894
5250
81034
51629
9673
91137
64924
7355
10237
347734
51006
79939
55508
80255
54946
283537
81892
23381
9887
55181
113444
57150
55234
9342
116841
10302
23557
27044
11267
23020
79622
11017
11066
9410
154007
6625
6626
6628
6629
6631
6632
6633
6634
10073
29934
23161
112574
399979
6643
83891
51429
9552
28972
60559
23384
23013
83985
8405
84926
57213
171546
144108
79644
285672
6727
6728
6730
6731
6726
58477
63826
402055
10250
6426
10772
9295
6427
6429
10929
51188
6741
6742
8636
6745
6746
6747
29101
6483
30815
7982
8027
10254
10948
56910
2040
9399
11171
85369
3703
8677
55014
6811
10923
8803
8802
8801
57794
10910
6612
6827
6829
6834
6836
6838
23512
8189
6856
90196
26099
51204
6882
6884
8148
79101
6888
132001
128989
79613
202018
9797
23216
57533
64786
128637
25771
55773
23061
6902
1155
6903
6904
6905
84897
9238
285343
127428
10915
6942
22980
6950
81550
7008
55852
51106
64216
7024
10342
10618
63892
90326
51078
168451
80764
8563
80145
7064
9967
79178
25917
29087
84948
81789
26519
26515
26517
10440
10245
29090
29928
10469
26521
26520
51300
26277
93643
83877
80213
10548
9375
56889
23023
55002
10972
222068
50999
51014
54732
84336
54664
79022
11070
55654
23505
80194
85014
10430
81853
56900
64418
80775
374395
55751
79134
25880
8269
55266
201931
94107
374882
84065
79064
29058
729515
55069
254863
55754
55254
90407
440026
131616
23585
757
9528
85025
80021
55362
51249
54968
25963
252839
56674
7112
51075
56255
80351
3842
23534
10140
9804
56993
401505
100188893
54543
163590
64222
9878
112858
53373
7165
91978
7167
7174
131601
127262
51002
286262
8459
29896
6434
58485
60684
51112
80006
51693
27095
51399
126003
122553
22878
83696
55621
54931
51504
55039
81627
27037
54952
51095
26133
83707
26995
116461
79042
10102
7251
7247
7257
26262
6302
7259
55720
90121
115939
10078
158427
7265
55761
54902
130502
23548
145567
283237
84790
51174
27229
64852
55787
51061
79770
10190
9352
10907
54957
7296
55253
199746
11338
10054
9039
7311
124402
51271
9898
7322
51619
7324
140739
7328
389898
54926
89910
9690
56061
29914
5412
8266
22888
55148
80019
7343
7347
83549
7371
54963
55293
25972
26019
65109
29796
10975
7381
7384
7385
27089
55665
81605
7389
7390
79650
55850
7392
10713
7375
8078
10813
84135
84294
57050
55813
80146
55697
10791
9218
57176
7411
55591
203547
64601
84313
9559
51160
51699
65082
51028
137492
738
6293
55275
51534
10490
51729
11193
55759
64743
57418
91833
79446
80232
10885
134430
23160
54521
9277
54853
54554
11180
55100
84128
79084
124997
51398
112840
55884
9589
11059
11060
7514
23039
11260
64132
10138
51067
10897
90522
54432
25844
84272
81555
286451
10652
388403
79693
91746
7529
55249
9889
65986
27107
10472
49854
29068
9925
339487
84872
9877
23091
124245
23144
29066
23264
54819
84186
84240
85437
79683
51201
29801
79752
130617
60685
80829
7542
51663
84936
118813
84619
22882
23051
7586
153527
55954
7750
7675
7697
7701
7702
7705
7727
7743
7748
7756
7570
7769
7775
7572
10782
54816
23528
7580
284695
27309
7581
79175
84671
7587
171017
84124
84307
57541
79797
7592
57862
84330
79744
55311
55663
197407
147657
126069
22847
130557
9849
116115
93134
64763
79177
163033
51042
90850
253639
51193
121274
84146
65251
79027
144348
79894
57592
146542
51058
7553
51123
170960
283337
7629
54989
27153
126208
730051
7644
10467
9326
9406
7589
146050
54925
90204
23053
9183
7789
158586
26009
