8086
79719
14
25980
57505
60496
26574
23456
22
5825
10061
55324
55347
26090
25864
7920
63874
10006
29777
37
116983
64746
91452
84320
22985
47
55856
10005
23597
8310
52
197322
55860
10121
10120
79913
93973
90
90956
128
55256
51094
79602
23394
56985
158
27125
54812
3267
10554
56894
8540
10598
9255
9049
204
50808
10270
10142
56672
55122
10327
8574
207
84335
210
224
29880
79053
8846
221120
54890
57679
10189
55626
262
10393
51529
25847
29882
51433
51434
56172
54882
55608
26057
23243
51239
8125
10541
309
310
162
164
8907
160
161
1173
8546
8943
26985
10717
55745
327
328
27301
51107
23780
55198
54840
369
375
381
382
84364
26286
27236
23647
2909
394
55160
55701
10425
400
120534
51329
127829
55207
55156
83787
79798
93436
79637
25852
51566
64860
405
10552
10109
81873
51665
140459
140460
51008
10973
9070
54529
79058
171023
84896
55210
11101
466
1386
11016
55729
9140
9776
55054
23130
55102
64422
23192
84971
10533
23300
475
537
23545
533
527
9114
8992
51382
529
9296
9550
51606
91647
8455
25814
342371
6311
11273
56970
552889
549
54998
8312
64343
51582
126792
9334
29086
573
9530
7917
22893
8815
8314
9031
585
10286
593
10295
23786
9275
9774
8678
51283
329
642
2647
282991
388552
55330
26258
8548
663
91272
51027
388962
669
10380
2186
221927
6046
23476
29117
65980
2972
55290
55299
25855
7862
55108
682
55643
689
9184
80007
10944
55017
83608
56913
127687
339448
25912
148423
708
205327
339804
130355
285237
134553
221545
57827
81688
221477
79020
65265
84933
51759
10241
801
23261
23125
124583
821
823
23473
826
4076
832
79587
22794
836
840
842
84869
23468
54862
200014
55749
151903
115098
133957
339230
91050
51244
28952
55246
57003
79714
29080
79080
83605
900
902
57018
219771
9236
10575
22948
908
10574
10694
8763
4179
8872
8881
8697
996
11140
55664
51362
998
988
29965
10423
8621
5127
8099
1019
1024
1025
8760
55573
1054
10153
80152
9731
9702
64781
8545
283489
51142
54927
131474
84269
9557
1108
10523
66005
5119
27243
25978
29082
128866
51510
79643
11261
54108
56548
26097
1147
91612
9391
10519
23152
51550
9541
55847
493856
284106
23155
1186
9685
1198
9575
10978
8192
1209
81037
10845
1211
1212
1213
55907
152100
56942
100272147
51727
7555
29097
26505
23019
55571
4848
4849
4850
163882
55744
28958
51287
388753
80347
9382
22796
83548
25839
91949
150684
51397
170622
149951
29099
1312
1314
1315
11316
22820
9318
51138
10980
50813
64708
22818
80219
27235
51117
84274
51004
23603
1353
84987
1355
90639
116228
1327
1329
1340
1345
1347
1350
1351
1362
8904
8895
1371
53981
10898
11052
79869
8738
27297
10488
58487
8804
78987
1398
1399
1408
1452
1453
1456
1460
1471
1477
1487
10664
1495
1499
56259
5476
1509
2017
348180
79004
8453
8451
8065
51596
1523
57703
54883
30827
51523
80777
1727
1537
23191
728294
1605
221955
55152
1616
1629
79269
80344
25879
10238
50717
10540
11258
84516
10671
79077
123879
84259
79016
1642
1653
1662
10521
8886
55308
9416
1654
51428
11325
9879
51202
54555
79039
54606
83479
9191
54849
7913
57706
10260
8562
51071
79139
51009
1676
9993
1725
79758
1665
8449
54505
22907
56919
170506
9785
1659
1660
56616
11083
27292
22894
1736
1738
1739
22839
1743
55172
10294
9093
51726
54788
4189
54431
55735
85406
55192
131118
27000
134218
80331
7266
22826
23234
1777
728489
10059
1785
116092
30836
83475
22845
8813
29952
1810
10589
1819
8446
11072
80824
1854
1857
51143
140735
83658
6993
1874
1877
85403
55837
9166
10969
11319
1891
55862
1892
1632
10455
51295
80153
80267
8726
9521
60678
9813
23167
9343
79813
10209
84285
10289
27102
440275
8891
8890
1939
1965
8894
8661
8662
8664
3646
8666
8667
8668
8669
27335
51386
10480
9775
9470
1981
1982
8672
1983
1984
3692
60528
1994
2002
2005
22936
84173
64834
55140
26610
23065
284361
9694
55831
51234
83460
56851
10328
51016
10436
2021
58478
2029
955
56943
80314
29924
26284
51752
2067
2068
2071
51290
2079
79033
157697
27248
23071
2098
51575
2107
2108
2109
2130
11336
60412
149371
5394
23404
54512
23016
2137
8772
11124
23197
81889
10827
79607
23196
158293
84498
84908
317662
26355
130074
283635
139231
221786
63877
9917
116151
26017
60343
9130
26240
51439
25940
10667
2193
10922
22868
60493
57666
79176
64839
26235
26234
26233
80204
26263
23219
26273
81545
54455
200933
26270
25793
23291
26190
6468
54461
51077
2224
2230
2235
2237
9637
2271
9158
81608
51024
84922
2287
23770
79147
80308
2319
22862
2339
3607
116113
2356
8790
118924
79068
117246
8880
2395
84248
51343
10146
2548
11337
11345
90480
2585
2588
2589
23193
26130
2618
57459
283459
57704
8729
79571
2639
2729
2730
51573
2665
79760
54960
51608
2671
81577
79017
79893
2686
84514
27069
54994
116254
2733
2734
2738
2739
51022
10539
51218
55830
84656
51292
2783
10020
8443
64841
84572
2799
2800
2802
9950
2804
64083
51026
57120
64689
26003
9527
9570
8733
7918
54865
65056
60313
10243
27238
11321
51184
57720
56927
2873
2874
2879
23151
9380
2907
56850
2926
83743
2931
2932
23708
2936
2937
373156
2948
9446
2957
2959
2962
2963
2965
2968
404672
2969
2971
2975
2976
9330
9328
85865
29083
64412
3033
3030
3029
23438
8520
79441
54930
55559
10456
26959
10767
3052
3054
3066
8841
10013
55869
3068
3069
25938
50865
9931
51409
26091
9709
64224
9146
11112
25994
192286
25988
3094
84681
3096
3145
10363
10362
3146
9324
22993
10042
3163
10949
3181
3182
3183
3184
3185
3187
3190
3191
4670
3192
11100
221092
3257
79803
64342
3281
150274
3028
51144
3295
51182
3309
3312
23640
10553
27429
3064
3364
10075
285148
55699
200205
25998
3419
3420
3421
3422
51124
3459
3475
11020
64376
3608
10989
55272
64423
3621
283899
3632
51763
26173
55174
57117
92105
27130
9807
51447
10527
10526
3654
3658
26145
359948
126298
23479
79763
57461
81533
9445
3704
3705
80271
162073
55677
84522
3716
65094
23210
100137047
126119
10899
54934
55683
84148
55709
84078
56888
222658
283219
9682
8242
2531
10657
8570
9778
79932
57179
57691
90231
23588
116138
27252
64410
51088
3836
3837
51315
11103
3895
79036
83746
114294
3916
3920
55004
28956
8649
389541
10542
9741
23367
113251
51574
23395
84458
221496
79165
54741
3954
25875
64077
11019
3981
132660
55327
51601
55788
91289
8543
222484
83752
10162
23175
79414
4043
10128
9684
123355
55631
10489
115353
57470
255252
55379
56262
9209
90678
55341
27257
26065
149986
57819
27258
25804
23658
11157
4047
84946
51747
57149
388695
116068
145748
8216
4074
9587
10459
10296
9500
64110
4116
84061
84549
115416
11253
4122
23324
4123
643246
5605
6885
5594
93487
5599
79109
9261
8550
10982
4140
57787
92935
57506
4149
4152
53615
8930
255374
8720
27349
56922
84693
90411
4176
79892
57192
79648
10445
28985
90550
9656
64769
4204
84246
400569
9969
9282
10025
219541
9477
9412
9862
55588
51003
29079
10001
9443
112950
4205
56257
10988
79006
51603
79066
64745
92342
151194
124512
56339
29081
4236
4238
56947
55669
79157
113655
84975
11282
4255
23295
4259
375056
57534
85377
10367
58526
90007
84299
57409
60672
79003
129531
8195
23609
8079
4292
8028
64223
6945
166785
27249
64210
4331
84315
23041
22880
9643
56180
9526
4350
10199
4351
136647
84954
65258
93621
79922
65008
124995
65003
6182
28998
64928
29088
54948
63875
29074
9801
51069
55052
219927
29093
6150
79590
51264
10573
64983
9553
51318
64979
64978
51073
64975
84545
65080
84311
26589
57129
51642
740
54534
51258
122704
116541
65005
55173
64963
6183
63931
64960
51021
51373
55168
28973
51116
54460
51649
64432
64949
28957
10884
65993
60488
64969
51081
92399
91283
4437
2956
22921
9219
23787
23788
92140
123263
219402
4534
8776
8897
9107
55149
4552
10651
79594
80198
4597
10608
4601
10514
55892
4643
339344
7593
9683
8260
80155
84316
80218
79903
79035
4666
342538
112939
138151
8883
10135
4676
8775
26502
79731
4683
4077
22916
4690
51517
4691
56926
8648
23054
9611
23385
81565
80762
3340
4705
126328
55967
51079
4695
4697
4698
4700
4701
4702
4704
25915
29078
4716
54539
4708
4709
4710
4711
4712
4713
4714
4715
4717
4718
4720
4722
4725
4726
374291
4728
4723
25977
4738
252969
6787
91754
25920
51497
7936
4758
4783
4793
4795
4799
4801
4802
25983
55768
51335
55651
60491
51388
25836
11188
4817
56954
79576
28511
4832
10201
54981
4836
28987
26155
79954
25926
79159
65083
51406
55035
64434
4841
55505
8602
161424
55666
10641
4835
7376
7181
29959
55051
8204
64324
50814
55968
197370
286053
54780
84081
221078
30833
221294
123803
84284
51667
4682
10101
4924
64710
10726
84955
134492
318
11051
84304
53343
57122
55746
9972
53371
23636
79902
10482
29107
4942
54940
4953
79701
11054
4968
8473
29789
4976
80207
5000
94101
29095
94103
10956
5007
9885
114883
55644
734
28962
55611
55593
5018
92106
54681
5036
11252
51247
55003
80025
79646
55229
24145
10914
11315
55486
5073
142
219988
23598
94104
51260
5093
5094
56101
51585
84759
84333
55795
63935
5108
5111
9159
51449
5130
11333
5134
9141
10016
201626
5147
8050
10611
57546
23244
51248
118987
5037
553115
53918
23481
100131801
100303755
5189
8800
8799
5193
5195
9409
5824
5828
55670
5190
5202
5203
5204
5216
192111
25796
283871
54858
10424
65979
11331
1912
55274
57649
51105
79142
5257
57661
55361
5297
5298
8554
9463
5279
5281
54872
5283
51227
51604
54965
55011
5289
5295
30849
5300
54984
8394
57095
81579
196463
23646
59338
55111
9842
55848
10226
5351
8985
5356
11243
23203
9512
5378
10654
25957
25953
11284
5411
56902
10908
50640
87178
55629
23509
5425
26073
84271
54107
56655
5428
5429
51426
27343
51082
5430
5431
5432
5433
5434
5435
5436
5437
5439
5440
5441
10623
55718
51728
55624
51371
10585
10775
5464
27068
56342
5465
5467
79717
8500
51535
5481
10450
10105
10465
85313
5499
5501
5514
6992
84919
284352
5511
5515
5516
5518
55844
5525
5526
5528
5529
5531
9989
151987
5536
5537
9701
55291
23398
10084
84279
5546
11108
5052
7001
10935
25824
10113
5550
5562
5564
5566
5571
10419
54496
26121
55660
24148
10594
5631
5635
78994
133619
7916
5663
5664
55851
5681
5682
5684
5685
5686
5687
5688
5689
5690
5691
5692
5693
5694
5695
5701
5702
5704
5705
5707
5716
5717
5718
5719
10213
5708
5709
5710
5713
5714
5720
10197
9491
56984
84262
55269
55037
9791
80142
10728
53635
8073
114971
5770
5781
25930
138428
391356
22827
9698
23369
5813
54517
11137
114825
29920
90780
54870
55278
5768
81890
203069
22864
8766
9230
51552
5861
81876
23011
57403
22930
25782
57799
5867
5868
5869
5870
7879
9367
10244
27342
5875
5876
5810
5884
5887
10111
5894
5898
10928
22913
5901
5902
5903
8498
26953
5905
29098
5906
9693
57038
9821
57786
5928
5931
10616
8241
10137
389677
10432
64783
29890
92400
155435
23029
9584
5936
55285
79171
10181
10180
10179
9939
27316
494115
9978
54542
25898
5955
5962
221035
7905
5970
29803
85021
57455
5981
5982
55312
5986
91869
8625
84236
55288
89941
60626
6015
60561
83732
55781
8780
51115
55177
80010
55005
64795
64777
246243
9921
7844
26994
54778
7737
27246
55298
55658
9604
50862
26001
51255
149603
54476
55182
64320
79102
55072
80196
6047
9810
6049
9616
6050
140823
6100
84268
79657
80135
6156
6160
6165
285855
6132
6185
11102
138716
10556
10557
91582
6228
6229
51065
6194
6197
6199
285367
10670
6240
54700
8568
88745
27341
23378
55316
222194
89970
51319
65117
8634
80230
8607
51389
25950
6256
6257
10055
90378
55095
142891
25813
10284
8819
29115
79685
56681
84324
9092
9733
112483
60485
58506
57466
22828
10066
10067
51282
23256
152579
6341
9997
6342
79634
57410
55681
57147
55153
6386
10806
163859
51150
6389
6390
6391
6392
56948
6396
11196
10802
10427
22872
29927
10952
23480
7095
79048
81929
59343
26168
26054
22929
26135
26297
57515
10955
9792
6418
29072
84193
55209
80854
9869
7536
10291
10946
23451
10262
83443
6433
8879
27352
80851
51100
81858
8036
6477
6478
10280
80143
64374
23410
23408
51548
10572
6498
121260
115286
81894
5250
81034
54977
51629
9673
292
10999
10463
7355
113829
10237
347734
51006
79939
55508
27173
29985
7922
54946
283537
81892
79811
4087
60682
6595
6597
50485
6598
6605
8243
23137
23381
9887
55181
57150
10285
6609
55234
23583
9342
116841
6619
10302
23557
27044
11267
23020
79622
11017
11066
9410
154007
6625
6628
6631
6632
6634
10073
22938
29934
23161
9784
112574
399979
6643
83891
27131
58533
51429
9306
9552
9043
9825
28972
60559
23384
23013
80208
51324
6687
8405
56928
121665
84926
57213
90864
171546
10011
79644
6721
285672
6727
6729
6730
6726
63826
10250
6426
10772
9295
6427
6428
6429
6432
10929
51188
6741
6742
8636
6745
6749
29101
6483
7982
8027
10254
10617
56910
6774
6780
27067
6786
10963
6794
8576
30968
11171
85369
29966
8677
55014
6810
6811
9482
6814
51657
8803
8802
8801
57794
10910
7341
6827
6830
9913
6834
6836
6838
23512
94056
25949
8189
10492
55333
90196
26099
10454
51204
117143
10474
6881
6882
6883
6884
8148
79101
6874
27097
129685
6880
6888
132001
128989
79613
10010
9344
6892
23435
9797
8887
23216
64786
128637
25771
55773
51256
23061
6902
1155
6903
55171
6904
6905
29110
84897
9238
285343
127428
10915
6938
6942
22980
6950
51567
81550
7008
9894
54386
113419
51368
7019
51106
64216
7024
7030
10342
24144
10618
63892
90326
51078
168451
80764
7064
9967
79178
25917
29087
7072
7073
148022
84948
81789
26519
26515
26517
10440
10245
29090
29928
10469
92609
26521
51300
26277
261726
93643
7088
9874
80213
10548
9375
56889
9777
64114
51643
54499
55002
11018
10972
10959
50999
51014
84336
54664
11070
84233
55654
92305
23505
85014
10430
81853
51522
54929
56900
64418
80775
374395
129787
55751
79134
25880
8269
55266
201931
94107
374882
124446
84065
79064
29058
729515
55069
254863
746
55754
55161
55254
440026
131616
23585
757
85025
55362
169200
51249
54968
25963
252839
56674
7112
83590
79089
81542
51075
56255
10318
80351
3842
27327
10140
9804
56993
54543
7150
7155
10210
1861
64222
9878
112858
7165
91978
127262
286262
29896
6434
7189
84231
60684
51112
80006
51693
27095
51399
126003
122553
22878
83696
51499
7726
5987
10155
56658
90933
54765
81844
201292
81603
9320
9325
55621
54931
51504
55039
81627
27037
54952
51095
26133
83707
7249
116461
79042
10102
7251
7247
7257
26262
6302
7259
55720
90121
10078
158427
7265
55761
54902
130502
145567
9675
80185
10376
84790
203068
51174
10844
27229
7284
11334
64852
200081
55787
51061
79770
84817
10190
9352
10907
7296
7297
199746
11338
6675
10054
9039
7311
51271
9898
7314
7320
7323
51619
7325
140739
7327
7328
7329
51465
118424
3093
7332
9040
7334
389898
55585
54926
7336
55284
65264
7337
89910
9690
9354
10277
8266
84993
22888
7342
29979
29978
23304
55148
80019
165324
23190
80700
51377
83549
7371
54963
55293
23376
55325
7360
8408
25989
25972
7374
5976
26019
65109
139596
29796
10975
7381
7384
7385
27089
55665
81605
7389
7390
79650
55850
7391
7392
9100
9097
10600
10869
23326
29761
389856
23032
10713
7375
55031
8078
7874
9101
8239
10813
9724
84135
84294
57050
55813
80146
8409
55697
9218
9217
57176
7411
7419
55591
203547
64601
57617
9559
112936
51160
51699
137492
27183
738
6293
55275
7444
51231
51534
143187
10490
51322
10352
51729
54838
23558
11193
9948
55759
64743
57418
91833
84219
79446
80232
10885
134430
55255
54521
11152
56270
9277
54853
79726
54554
11180
55100
84942
54663
79084
124997
51398
112840
23038
26100
58525
55135
56897
55884
9589
11060
331
7507
7508
7511
7514
23039
7520
51067
90522
54432
25844
81555
10652
79693
91746
54915
51441
253943
7529
7531
7528
55249
9889
100381270
22890
65986
27107
7541
7709
10472
49854
7597
9880
29068
84878
9925
10773
51341
339487
84872
9877
23091
55854
124245
23144
29066
23264
54819
85364
84186
84240
84287
51304
55146
25921
29801
79752
60685
7542
53349
84936
118813
84619
23051
7586
153527
64393
55954
10269
7750
7690
7697
7702
7705
7727
339318
7743
7756
7769
7572
10782
11179
54816
23528
7551
7580
284695
27309
63925
7581
79175
84671
7587
171017
84124
57541
79797
7592
57862
84330
79744
220929
55311
55663
197407
126069
440515
22847
130557
93134
64763
79177
163033
51157
9640
90850
253639
90441
27332
51193
84146
65251
55279
79027
144348
79759
57592
146542
51058
7553
51123
170960
283337
7629
92595
27153
126208
390980
730051
91603
100507290
7644
10467
9326
54764
9406
7589
146050
54925
90204
125150
23053
7789
158586
26009
