14
25980
26574
22
5825
10061
55324
26090
7920
63874
10006
29777
28976
64746
91452
84320
22985
47
55856
23597
51
52
197322
55860
10120
79913
93973
91
90956
51094
79602
23394
56985
3267
55109
10554
56894
8540
10598
9049
204
50808
10142
79647
55122
84335
210
29880
8846
221120
57679
10189
55626
51529
25847
119504
29882
51434
51479
54882
26057
23243
157567
196527
10541
81611
309
310
161
1173
8943
26985
10717
55745
51107
8539
139322
369
381
382
84364
26286
27236
23647
10139
2909
394
55160
9826
55701
10425
400
120534
51329
127829
55156
83787
79798
93436
79637
25852
64860
10552
51665
140460
140461
171023
55210
11101
466
1386
9140
55054
23130
55102
23192
84971
9474
23300
27032
23545
533
527
9114
8992
51382
51606
91647
8455
56970
552889
549
8312
64343
126792
9334
11285
29086
572
9530
7917
22893
8314
585
55973
10134
10295
23786
9774
51283
329
642
2647
282991
388552
26258
8548
9790
662
663
91272
51027
10380
2186
23476
29117
65980
2972
55290
25855
689
9184
80007
53838
10944
113246
55017
284018
83608
56913
339448
79078
148423
339804
285237
56951
134553
81688
79020
65265
84933
414919
51759
51719
813
23261
23125
821
823
826
4076
830
836
840
23468
54862
200014
55749
115098
133957
339230
91050
51244
55246
29080
80212
23582
8812
81669
9236
10575
22948
908
8763
967
3732
8881
8697
996
11140
55664
51362
998
988
10423
51755
8621
5127
51654
1054
10658
1059
9731
80254
64781
29956
283489
118487
51142
54927
131474
84269
1108
57680
10523
66005
5119
29082
128866
79643
11261
54108
56548
1147
91612
9391
493856
23155
1186
9685
1209
10845
7555
54805
26505
55571
4849
4850
29883
493753
22796
83548
25839
23412
28991
149951
29099
1314
1315
9276
11316
22820
8533
51138
10987
10980
22818
84274
51004
23603
1353
84987
1355
90639
1327
1329
1340
1347
8904
221184
8895
53981
10898
11052
79869
8738
27297
78987
9419
1398
1399
54675
51340
1408
55454
1452
1453
1456
1460
1471
1477
10106
1499
56259
5476
2017
348180
79004
8454
8451
8450
8065
51596
51503
57703
1727
1537
23191
1603
1616
26528
1629
79269
80344
25853
10238
50717
79877
10540
11258
51164
84516
10671
123879
79016
1650
1653
10521
55308
11269
9188
57062
55661
1654
51428
9879
51202
54555
54606
54849
8560
57706
79139
1676
9993
79758
25979
1665
54505
56919
170506
9785
1660
56616
22894
1739
1743
55929
10294
9093
51726
54788
54431
55735
55192
27000
134218
3338
80331
7266
22826
728489
1785
30836
83475
22845
1798
8813
29952
1810
10589
1819
29102
8446
11072
54808
51143
1874
1877
85403
9166
10969
11319
80153
23644
80267
8721
1938
60678
23167
9343
79813
10209
84285
83939
27102
440275
8890
8894
8661
8662
8664
3646
8666
8668
8669
9775
9470
1982
1984
9669
3692
60528
1994
1998
2002
2005
22936
84173
64834
55250
23065
284361
9694
55831
83460
10328
2010
10436
56943
29924
2067
2071
51290
157697
23071
2107
2108
2130
55218
55763
11336
60412
23265
149371
51013
5394
54512
23016
11340
8772
11124
81889
79607
23196
84498
317662
345757
283635
139231
221786
9917
26017
9130
26240
10667
2193
10922
60493
79176
64839
26224
26235
26233
26263
23219
81545
26270
25793
26190
54461
55294
51077
56929
11153
51024
84922
63943
80308
2339
3607
116113
2356
8790
118924
79068
117246
2395
84248
51343
11337
2585
2588
2590
23193
26130
54815
283459
57704
79571
2729
2730
51573
79760
54960
2671
85476
79893
2686
84514
54994
2738
10539
55830
51228
84656
29926
51292
2782
29889
8443
64841
84572
2799
51026
57120
26003
9527
8733
60313
10243
27238
11321
54707
2873
2874
2907
56850
80273
83743
2931
2935
23708
373156
2948
2963
2965
2969
2975
2976
9328
85865
23560
2987
64412
3030
3029
23438
79441
55559
10456
10767
3052
3054
3066
8841
55869
374659
3068
3069
25938
50865
79654
9931
26091
64224
3073
3096
10362
22993
3163
3181
3185
3187
3190
3191
4670
3192
221092
3257
79803
64342
3281
150274
3309
3313
27429
3064
3364
10075
10525
55699
200205
23463
3416
3419
3420
3421
51124
3454
11020
64376
3597
3608
80895
10989
55272
92856
64423
3621
283899
3632
51141
26173
57117
65123
92105
27130
9807
51447
10527
10526
55705
3654
26145
64207
126298
23479
9798
57461
83737
9270
9445
162073
10625
55677
84522
3716
65094
23210
339123
126119
10899
55683
8850
84078
56888
222658
283219
22992
9682
2531
23351
8570
79932
57179
89953
51274
23588
116138
27252
64410
79786
3837
51315
11103
3895
79036
83746
114294
389541
10542
51056
23367
113251
51574
79165
54741
3954
25875
29094
11019
3980
3981
55957
132660
55327
51601
3998
55788
9361
83752
23175
4043
9684
123355
55631
57470
255252
90678
55341
27257
84967
149986
57819
27258
25804
4047
84946
51747
57149
57128
388695
116068
145748
8216
4074
9587
10459
10296
64110
4116
84061
11253
23324
643246
5605
9448
5594
79109
9261
8550
10982
4140
92935
27430
57506
8930
255374
8720
27349
84693
8888
79892
57192
10445
90550
9656
4204
84246
10025
219541
9477
9862
55588
51003
29079
10001
9443
112950
4205
4221
10988
79006
57721
79066
92342
151194
56339
29081
4236
56947
55669
79157
126321
113655
84975
11282
92667
57534
58526
84299
57708
4282
79003
129531
8195
4289
8569
23609
9761
8079
6945
27249
64210
84315
23041
9643
56180
9526
10199
65258
84769
93621
114932
84245
65008
124995
29074
51069
55052
29093
6150
51264
10573
51263
9553
64979
64978
28977
84545
65080
26589
740
116540
116541
128308
65005
55173
64963
6183
63931
55168
28973
51023
64432
64949
10884
65993
92399
57380
91283
4437
10943
4482
9219
23787
56181
219402
9107
25821
55149
9788
10608
4601
10514
339344
80097
9683
8260
51126
80218
79903
4666
342538
112939
138151
8883
10135
4676
8775
26502
29781
4690
4691
56926
8648
3340
51079
4696
4697
4701
4704
25915
4716
4710
4712
4713
4717
4723
4738
6787
91754
25920
51497
7936
4758
4771
84901
4780
4783
4793
4795
27247
4799
4801
4802
25983
55768
81614
4817
79576
28511
51068
4832
10201
84273
26155
79954
79159
51406
55035
9221
64434
51602
161424
4864
55666
10641
7181
29959
64324
55968
286053
54780
54888
28989
84284
4924
10726
84955
318
57532
55746
23636
79902
10204
4946
4947
79629
54940
79701
4968
4976
80207
5000
94101
29095
10956
55644
734
5018
79447
51247
5062
80025
79646
10914
55486
5073
10039
83666
23598
51260
5089
5094
56101
84333
55795
5110
9159
5130
11333
5134
9141
10016
10015
201626
5147
56034
8050
5164
57546
23244
118987
23481
100303755
5189
8800
8799
5194
5195
9409
5824
5828
55670
5830
5190
5202
5203
5204
10471
192111
5230
54858
65979
51808
1912
51105
79142
84844
57661
5297
5279
54872
10026
51227
51604
54965
55011
5289
5291
5295
30849
54984
57095
5306
23760
10531
81579
23646
55111
9842
55848
10226
5356
11243
23203
11284
10908
50640
87178
55629
23509
26073
51426
27343
9533
51082
5430
5431
5432
5433
5437
5438
5439
10623
55718
51728
10585
10775
10248
27068
56342
5465
5467
79717
8500
51535
5481
10450
10105
9360
85313
5499
5501
5514
84919
5511
5516
5526
5529
5531
9989
151987
5536
9701
55291
23398
5546
11108
10935
9588
5562
5566
5571
5573
54496
8559
26121
9128
55660
24148
10594
5635
133619
7916
5681
5683
5684
5687
5689
5690
5691
5693
5694
5695
5702
5704
5705
5707
5716
5717
5718
5719
5708
5709
5710
5711
9861
5714
5720
10197
9491
84262
389362
55269
55037
5728
80142
53635
8073
5770
5781
138428
51651
22827
83480
126789
11137
114825
11264
29920
90780
55278
5768
22864
10890
8766
9230
51552
5861
81876
57403
84932
25782
57799
5867
5869
5878
5870
9135
5875
5810
5887
10111
5889
10928
22913
5903
26953
5905
5906
9693
57038
57786
5928
10616
79863
389677
10432
64783
29890
84991
92400
9904
55131
23029
5936
79171
10180
10179
9939
5955
29803
85021
11079
57455
55312
91869
8625
84236
25807
387
89941
60626
54453
6015
60561
83732
8737
55177
80010
55005
246243
9921
54778
7737
27246
55298
55658
9604
81847
51255
149603
54476
55182
64320
79102
55072
6047
9810
6050
6100
84268
6135
6156
6160
6165
285855
6184
6185
11102
138716
10557
58490
91582
6229
51065
6197
6198
6199
6240
54700
88745
27341
23212
55316
222194
6248
26156
89970
65117
57142
80230
8607
51389
6256
90378
142891
29115
79685
56681
84324
9733
58506
10066
10067
51282
22937
23256
9997
6342
23513
79634
57410
55681
57147
55153
6386
10806
6388
6389
6390
6392
23478
9117
10484
11196
10802
9632
22872
29927
10952
7095
26168
26054
26135
10169
26297
5269
9792
6418
29072
84193
55209
79918
80854
9869
7536
10291
10946
10992
23450
10262
8879
51100
81858
8036
6478
10280
80143
22933
23410
23408
51548
8402
115286
81894
81034
54977
51629
9673
91137
10999
7779
64924
10463
113829
10237
79939
27173
283537
4090
50485
6605
8243
23137
23381
113444
57150
10285
6609
55234
23583
9342
116841
6619
10302
23557
11267
23020
11066
154007
6626
6628
29934
9784
112574
399979
83891
58533
6647
9552
9043
28972
6687
83985
56928
121665
90864
171546
144108
6721
285672
6727
6728
6729
6731
6726
63826
402055
6426
10772
9295
6427
8636
6745
6746
6747
6749
7982
10617
6774
6780
6786
10963
6794
2040
9399
11171
85369
29966
3703
10273
8677
6810
9482
51657
8803
57794
10910
6612
9913
6832
6834
6836
6838
23512
94056
55333
90196
10454
23118
51204
6881
6882
6883
6884
8148
129685
6888
132001
128989
79613
6892
9797
57533
128637
55773
23061
6905
84897
9238
285343
127428
6938
22980
6950
26123
51567
81550
9894
7014
54386
113419
51368
7019
7030
10342
24144
63892
90326
51078
168451
8563
7064
79178
25917
7072
148022
84948
81789
26515
26517
10440
10245
29090
10469
92609
51300
26277
261726
93643
7088
83941
54499
55002
11018
10959
50999
51014
54732
84336
54664
79022
55654
92305
80194
85014
56900
374395
129787
55751
25880
8269
55266
94107
374882
54867
124446
84065
79064
729515
746
55161
55254
90407
23585
757
85025
80021
55362
51249
51075
56255
10318
3842
23534
27327
9804
56993
54543
7150
7155
1861
27348
112858
91978
7167
7174
131601
127262
51002
286262
29896
6434
51112
80006
51399
126003
122553
22878
5987
10155
10612
54765
201292
81603
9320
9325
55621
54931
51504
55039
81627
27037
51095
26133
83707
7249
10102
7247
7257
26262
7259
55720
115939
7265
55761
130502
23548
145567
283237
9675
80185
51174
10844
27229
11334
64852
200081
55787
25828
51060
79770
10907
54957
7296
7297
55253
199746
11338
6675
7317
10054
9039
79876
337867
124402
51271
9898
7314
7322
51619
7327
7328
7329
51465
118424
3093
7332
389898
55585
54926
7336
65264
7337
9690
56061
5412
8266
22888
7342
29978
55148
80019
7343
165324
80700
7347
51377
83549
55293
51506
23376
55325
7360
65109
10975
7384
55665
8725
81605
79650
55850
7391
7392
9097
23326
29761
84640
7375
8078
9101
10813
84135
84294
55813
80146
8409
55697
9341
10791
9218
9217
57176
7411
203547
64601
57617
84313
51160
65082
51028
27183
738
6293
55275
7444
51534
143187
10490
10352
54838
84219
79446
55339
23160
54521
9277
54853
54554
11180
55100
84942
54663
84128
124997
51398
112840
23038
26100
55135
9589
11059
11060
7507
7514
7520
64132
10138
51067
10897
54432
25844
81555
10652
10730
79693
51441
253943
7529
7531
7528
9889
22890
65986
27107
7541
10472
7597
9880
29068
84878
9925
51341
84872
23091
55854
124245
23144
23264
85364
84186
85437
84287
51201
25921
29801
79752
7763
7542
84619
11244
22882
7586
153527
64393
55954
10269
7750
7690
7701
7705
7727
339318
7743
7748
10168
7756
7570
7775
54816
23528
7580
284695
27309
63925
7581
79175
84671
7587
84124
57541
79797
7592
57862
84330
220929
55663
197407
126069
9849
116115
93134
79177
163033
51157
9640
90850
253639
90441
27332
51193
84146
65251
144348
79759
57592
51058
170960
283337
92595
54989
126208
390980
91603
100507290
10467
9406
7589
146050
90204
9183
7789
158586
26009
